20250116_091103_cam1_1set, 1062,408, 2829,414, 3138,1962, 996,2046
20250116_091103_cam2_1set, 987,216, 2772,270, 2907,1878, 732,1824
20250116_091103_cam1_2set, 1059,402, 2829,408, 3135,1950, 999,2046
20250116_091103_cam2_2set, 987,210, 2775,267, 2904,1881, 735,1824
20250116_091103_cam1_3set, 1059,402, 2826,405, 3132,1956, 993,2055
20250116_091103_cam2_3set, 987,213, 2775,270, 2907,1887, 732,1827
20250116_091103_cam1_4set, 1083,372, 2859,372, 3159,1935, 1032,2022
20250116_091103_cam2_4set, 1014,183, 2802,234, 2922,1857, 768,1806
20250116_091103_cam1_5set, 1086,372, 2856,375, 3150,1929, 1035,2013
20250116_091103_cam2_5set, 1017,183, 2802,240, 2928,1851, 774,1800
20250116_094453_cam1_1set, 1083,369, 2853,369, 3153,1935, 1035,2010
20250116_094453_cam2_1set, 1014,186, 2796,231, 2931,1851, 771,1800
20250116_094453_cam1_2set, 1083,369, 2856,372, 3162,1941, 1035,2016
20250116_094453_cam2_2set, 1014,177, 2802,231, 2931,1842, 768,1794
20250116_094453_cam1_3set, 1086,372, 2856,375, 3156,1935, 1035,2013
20250116_094453_cam2_3set, 1014,183, 2799,237, 2931,1851, 771,1800
20250116_094453_cam1_4set, 1086,375, 2853,375, 3153,1932, 1035,2010
20250116_094453_cam2_4set, 1014,183, 2802,231, 2934,1845, 768,1800
20250116_141132_cam1_1set, 1086,369, 2859,369, 3156,1926, 1035,1995
20250116_141132_cam2_1set, 1014,177, 2808,225, 2940,1836, 771,1788
20250116_141132_cam3_1set, 1035,258, 2781,231, 2838,1857, 735,1824
20250116_141132_cam1_2set, 1086,369, 2862,375, 3135,1995, 1035,1995
20250116_141132_cam2_2set, 1014,189, 2805,234, 2919,1926, 768,1806
20250116_141132_cam3_2set, 1038,267, 2784,234, 2823,1932, 738,1833
20250116_141132_cam1_3set, 1086,378, 2862,369, 3138,1989, 1041,1998
20250116_141132_cam2_3set, 1017,183, 2808,228, 2922,1923, 771,1785
20250116_141132_cam3_3set, 1038,267, 2787,234, 2826,1923, 738,1812
20250116_141132_cam1_4set, 1086,369, 2859,372, 3138,1992, 1035,2004
20250116_141132_cam2_4set, 1017,186, 2805,225, 2916,1917, 771,1824
20250116_141132_cam3_4set, 1041,264, 2787,234, 2829,1923, 738,1809
20250116_141132_cam1_5set, 1086,369, 2862,369, 3141,1995, 1035,1998
20250116_141132_cam2_5set, 1017,177, 2808,231, 2916,1920, 774,1785
20250116_141132_cam3_5set, 1041,267, 2787,234, 2826,1923, 738,1815
20250116_141132_cam1_6set, 1089,366, 2868,363, 3138,2001, 1038,1998
20250116_141132_cam2_6set, 1017,186, 2808,228, 2919,1917, 771,1809
20250116_141132_cam3_6set, 1035,258, 2787,231, 2826,1923, 738,1803
20250116_141132_cam1_7set, 1086,366, 2862,369, 3138,2001, 1032,1998
20250116_141132_cam2_7set, 1017,183, 2811,231, 2919,1920, 771,1782
20250116_141132_cam3_7set, 1038,264, 2784,234, 2826,1923, 744,1809
20250116_141132_cam1_8set, 1086,375, 2865,372, 3141,1995, 1035,1998
20250116_141132_cam2_8set, 1017,183, 2805,231, 2916,1917, 768,1782
20250116_141132_cam3_8set, 1041,267, 2787,237, 2826,1920, 741,1827
20250116_160142_cam1_1set, 1089,375, 2859,372, 3141,1992, 1038,2016
20250116_160142_cam2_1set, 1017,186, 2808,228, 2916,1917, 777,1791
20250116_160142_cam3_1set, 1044,270, 2784,234, 2826,1923, 738,1827
20250116_160142_cam1_2set, 1089,375, 2859,372, 3141,1995, 1038,1998
20250116_160142_cam2_2set, 1017,183, 2802,228, 2922,1914, 777,1794
20250116_160142_cam3_2set, 1041,264, 2784,231, 2826,1917, 738,1812
20250116_160142_cam1_3set, 1089,372, 2862,372, 3141,1989, 1041,1995
20250116_160142_cam2_3set, 1017,180, 2808,228, 2922,1917, 774,1773
20250116_160142_cam3_3set, 1044,267, 2790,231, 2826,1923, 738,1821
20250116_160142_cam1_4set, 1089,369, 2862,375, 3141,1992, 1038,1989
20250116_160142_cam2_4set, 1017,180, 2805,237, 2919,1914, 771,1779
20250116_160142_cam3_4set, 1041,264, 2784,240, 2823,1920, 747,1821
20250122_145719_cam1_1set, 1257,333, 2976,420, 3204,1986, 1140,1953
20250122_145719_cam2_1set, 1110,411, 2868,399, 3057,2043, 945,2058
20250122_145719_cam3_1set, 1161,423, 2877,387, 2937,2037, 885,2004
